// 8 26
// 9 25
// 9 25.5
// 8 26.5
// The following stables colored squares:
OSO (5, 51) (17, 14606) - 1 5 18 6 21
CS (24, 184) (23, 15873) - 1 5 14 5 1 17 5 1 20 1 5 16 5 1 20 1 5 17 1 5 14 5 1 18
CS (12, 100) (26, 1168) - 1 5 16 5 1 19 5 1 22 1 5 19
CS (20, 188) (27, 24904) - 1 5 16 6 18 6 16 5 1 19 6 16 5 1 20 1 5 16 6 19
OSO (9, 75) (31, 2840) - 1 5 17 1 6 1 17 6 21
CS (36, 220) (36, 2015) - 1 5 12 2 2 2 12 4 12 4 12 2 2 2 12 5 1 17 4 8 2 4 2 12 5 1 18 1 5 12 2 4 2 8 4 17
OSO (9, 71) (38, 22187) - 1 5 15 1 6 1 17 6 19
OSO (9, 73) (38, 1225) - 1 5 15 1 6 1 19 6 19
CS (20, 180) (38, 16051) - 1 5 14 6 19 1 5 14 6 20 6 14 5 1 19 6 14 5 1 18
CS (20, 188) (41, 9228) - 1 5 18 6 17 1 6 1 17 6 18 5 1 21 6 14 4 14 6 21
CS (20, 196) (45, 17359) - 1 5 16 6 21 1 5 18 6 18 5 1 21 6 16 5 1 19 6 19
CS (34, 284) (60, 6789) - 1 5 16 6 20 6 17 1 6 1 17 6 20 6 16 5 1 19 6 18 4 6 2 8 2 4 2 8 2 6 4 18 6 19
CS (36, 332) (66, 1782) - 1 5 12 4 12 4 12 5 1 17 6 18 6 14 4 12 5 1 17 6 18 6 16 6 18 6 17 1 5 12 4 14 6 18 6 17
CS (26, 212) (67, 7497) - 1 5 14 4 10 4 15 1 6 1 15 4 10 4 14 5 1 19 6 16 4 8 4 16 6 19
CS (28, 220) (68, 12906) - 1 5 12 4 14 4 10 4 14 4 12 5 1 17 4 8 4 16 5 1 20 1 5 16 4 8 4 17
CS (26, 208) (72, 9058) - 1 5 14 4 14 5 1 19 6 19 1 5 15 1 6 1 18 1 6 1 15 5 1 19 6 19
CS (36, 268) (72, 8828) - 1 5 12 4 10 2 4 2 6 4 17 1 5 14 6 18 6 18 6 14 5 1 17 4 6 2 4 2 10 4 12 5 1 17 6 17
OSO (13, 95) (73, 8145) - 1 5 14 4 10 2 4 2 8 4 16 6 19 # 2 4
CS (26, 204) (74, 13640) - 1 5 12 4 10 4 15 1 6 1 15 4 10 4 12 5 1 17 6 16 4 8 4 16 6 17
CS (44, 352) (86, 4730) - 1 5 12 4 14 4 12 5 1 17 5 1 21 6 16 5 1 19 4 6 2 8 4 16 5 1 20 1 5 16 4 8 2 6 4 19 1 5 16 6 21 1 5 17
OSNO (10, 98) (95, 1353) - 1 5 16 6 21 1 5 18 6 19
CS (36, 304) (108, 17157) - 1 5 14 4 12 4 12 4 12 4 14 5 1 19 6 18 6 19 1 5 15 1 6 1 18 1 6 1 15 5 1 19 6 18 6 19
CS (72, 428) (111, 1474) - 1 5 12 2 2 2 10 4 14 4 8 2 6 2 4 2 10 4 13 1 7 20 6 16 4 8 2 4 2 8 2 4 2 8 2 4 2 8 2 4 2 8 2 4 2 8 4 16 6 20 7 1 13 4 10 2 4 2 6 2 8 4 14 4 10 2 2 2 12 5 1 18
CS (42, 372) (112, 3788) - 1 5 12 4 12 4 12 4 12 5 1 17 6 18 6 18 6 16 5 1 19 6 16 4 8 2 4 2 8 4 16 6 19 1 5 16 6 18 6 18 6 17
CS (32, 244) (120, 14404) - 1 5 12 4 14 6 19 1 5 14 5 1 19 6 14 4 12 5 1 17 4 6 2 8 4 14 4 8 2 6 4 17
CS (28, 244) (133, 11876) - 1 5 12 4 14 6 19 1 5 14 4 10 4 14 5 1 19 6 14 4 12 5 1 17 6 18 6 17
CS (30, 300) (136, 4896) - 1 5 14 4 14 5 1 19 6 20 6 18 5 1 21 6 18 4 8 4 18 6 21 1 5 18 6 20 6 19
CS (48, 372) (140, 3697) - 1 5 14 4 10 2 2 2 10 4 14 6 19 1 5 14 4 10 4 12 4 12 4 12 4 10 4 14 5 1 19 6 14 4 10 2 2 2 10 4 14 5 1 19 6 16 6 19
CS (64, 612) (142, 2110) - 1 5 16 4 10 4 15 1 6 1 19 6 18 6 21 1 5 18 6 20 6 18 6 20 6 18 5 1 21 6 18 6 19 1 6 1 15 4 10 4 16 5 1 20 1 5 16 5 1 19 6 20 6 18 6 20 6 19 1 5 16 5 1 20
CS (90, 872) (164, 1762) - 1 5 16 6 20 6 16 6 19 1 6 1 13 4 12 4 12 4 12 4 12 4 12 4 12 4 12 4 12 4 12 4 12 4 12 4 12 4 12 4 13 1 6 1 19 6 16 6 20 6 16 5 1 19 6 18 6 18 6 18 6 18 6 18 6 18 6 18 6 17 1 6 1 17 6 18 6 18 6 18 6 18 6 18 6 18 6 18 6 19
CS (104, 880) (244, 458) - 1 5 14 4 10 4 14 4 10 4 14 5 1 19 6 16 5 1 20 1 5 16 5 1 20 1 5 16 6 19 1 5 14 5 1 17 4 8 4 16 6 18 6 19 1 5 16 6 18 4 6 2 8 4 14 4 10 4 14 4 10 4 14 4 8 2 6 4 18 6 16 5 1 19 6 18 6 16 4 8 4 17 1 5 14 5 1 19 6 16 5 1 20 1 5 16 5 1 20 1 5 16 6 19
// The following triples colored squares:
// 395138 squares were not filled in
// 7.9999780654907227 26.161494255065918
// 8.0066728591918945 26.151537895202637
// 8.0125951766967773 26.142439842224121
// 8.0196332931518555 26.134543418884277
// 8.0251264572143555 26.126046180725098
// 8.029932975769043 26.116690635681152
// 8.0368852615356445 26.109652519226074
// 8.0421209335327148 26.100983619689941
// 8.0501031875610352 26.093258857727051
// 8.0551671981811523 26.084589958190918
// 8.062291145324707 26.076436042785645
// 8.2404756546020508 26.252474784851074
// 8.2869100570678711 26.20063304901123
// 8.2018518447875977 26.150507926940918
// 8.2058000564575195 26.119179725646973
// 8.1858015060424805 26.071028709411621
// 8.2460546493530273 26.092143058776855
// 8.1818532943725586 26.048197746276855
// 8.2658815383911133 26.079096794128418
// 8.0550813674926758 25.998415946960449
// 8.1818532943725586 26.008715629577637
// 8.183441162109375 25.964813232421875
// 8.1761884689331055 25.906319618225098
// 8.1821966171264648 25.869326591491699
// 8.2823610305786133 25.965285301208496
// 8.3101701736450195 25.942025184631348
// 8.3229589462280273 25.908207893371582
// 8.3208131790161133 25.902543067932129
// 8.3109426498413086 25.87705135345459
// 8.3762598037719727 25.885806083679199
// 8.3941125869750977 25.870184898376465
// 8.3337736129760742 25.802292823791504
// 8.4259557723999023 25.82237720489502
// 8.4203767776489258 25.762810707092285
// 8.3098697662353516 25.703287124633789
// 8.3870744705200195 25.746417045593262
// 8.4257411956787109 25.72972297668457
// 8.3684492111206055 25.638270378112793
// 8.4493875503540039 25.95695972442627
// 8.4645795822143555 25.947604179382324
// 8.4772825241088867 25.939364433288574
// 8.4889554977416992 25.930523872375488
// 8.4528636932373047 25.888681411743164
// 8.5050058364868164 25.919623374938965
// 8.5171937942504883 25.912070274353027
// 8.4477567672729492 25.845122337341309
// 8.535304069519043 25.900740623474121
// 8.5468053817749023 25.892672538757324
// 8.5747003555297852 25.874133110046387
// 8.5852575302124023 25.866665840148926
// 8.5972738265991211 25.859456062316895
// 8.50616455078125 25.83160400390625
// 8.4717893600463867 25.769162178039551
// 8.4874963760375977 25.758347511291504
// 8.525691032409668 25.810189247131348
// 8.5400247573852539 25.78615665435791
// 8.4468984603881836 25.697493553161621
// 8.5574483871459961 25.68753719329834
// 8.6801004409790039 25.80289363861084
// 8.6176156997680664 25.769162178039551
// 8.6866235733032227 25.752167701721191
// 8.7096261978149414 25.768218040466309
// 8.6856794357299805 25.74770450592041
// 8.7024164199829102 25.710282325744629
// 8.5468053817749023 25.641446113586426
// 8.6389017105102539 25.637240409851074
// 8.6480426788330078 25.579519271850586
// 8.692631721496582 25.565571784973145
// 8.6827611923217773 25.504803657531738
// 8.7141323089599609 25.495920181274414
// 8.6776113510131836 25.454936027526855
// 8.6904001235961914 25.427470207214355
// 8.7785482406616211 25.477337837219238
// 8.7065362930297852 25.407214164733887
// 8.6776971817016602 25.36369800567627
// 8.7268781661987305 25.391077995300293
// 8.7569189071655273 25.392107963562012
// 8.7940406799316406 25.615482330322266
// 8.8778543472290039 25.59964656829834
// 8.8424921035766602 25.57192325592041
// 8.7985467910766602 25.518364906311035
// 8.9132165908813477 25.543427467346191
// 8.9635562896728516 25.518407821655273
// 8.8042116165161133 25.412793159484863
// 8.8510751724243164 25.433735847473145
// 8.8730478286743164 25.443692207336426
// 8.9063501358032227 25.458798408508301
// 8.9525270462036133 25.479226112365723
// 8.8349390029907227 25.38515567779541
// 8.9415407180786133 25.378718376159668
// 8.9175081253051758 25.339407920837402
// 8.9693498611450195 25.486693382263184
// 8.8222360610961914 25.271601676940918
// 8.8686704635620117 25.25855541229248
// 8.8855791091918945 25.286707878112793
// 8.7997913360595703 25.223321914672852
// 8.8442087173461914 25.217785835266113
// 8.9016294479370117 25.221133232116699
// 8.9348030090332031 25.182895660400391
// 8.923945426940918 25.160880088806152
// 263806 stable squares used in the cover
// 0 triple squares used in the cover
// 31 stables used in the cover
// 0 triples used in the cover
// MRR at 10 decimals, deepest magnification 20
// Total stable cost: 17100335
// 395138 squares were not filled in
// Not Covered
// Time elapsed: 16.314s
